version 0
window 144 162 0 0 1 640 0
options 40 70 12 4 -256 -256 -256 -11264 -8704 -7680 -13312 0 0 0 0 0 1 1 1 1 0 26368 27392 30720 1 1 1 1
recognize 458 5 0 100 100 100 33
blocks 1 1 0 0 0 0 0 0 0 0 0 0 0 0 0 0 0 1 0 0 0 0 0 0 0 0 0 0 0 0 0 0 0 0 0 0 0 0 0 0 0 0 0 0 0 0 0 0 0 0 0 0 0 0 0 0 0 0 0 0 0 0 0 0 0 0 0 0 0 0 0 0 0 0 0 0 0 0 0 0 0 0 0 0 0 0 0 0 0 0 0 0 0 0 0 0 0 0 0 0 0 0 0 0 0 0 0 0 0 0 0 0 0 0 0 0 0 0 0 0 0 0 0 0 0 0
bad_keycodes 108 111 115 116 121 122 129 130 135 138 144 151 153 158 159 160 161 162 164 165 166 174 176 178 188 192 204 223 227 229 230 231 232 233 234 235 236 237 245 248
sample    80   455  -47  -54  -40  -35  -39  -28  -39   40  -40   40    ;  -51  -54  -35  -57  -24  -57  -20  -56  -13  -50  -10  -46   -6  -31   -3  -24   -3  -17   -9   -2  -20    6  -39   11  -57   14  -65   14    ;
sample    79   452   10  -73    1  -58   -7  -51  -17  -39  -20  -31  -27  -17  -31   -6  -34    7  -35   29  -34   36  -31   39  -20   42  -10   41    0   36    6   31   14   18   17    7   18  -39   17  -41   14  -42   14  -43   14  -42    3  -41    0  -40   -2  -38   -6  -36  -13  -35  -14  -36    ;
sample    78   450  -36  -62  -29  -46  -28  -39  -28   25  -29   25  -28   25  -28  -39  -29  -40  -28  -39  -24  -39  -16  -18  -10   -8   -7    0   -5   10    4   35    7   36    ;   14  -58   23  -41   20  -31   19  -17   15    7   10   51   10   58    ;
sample    77   447  -36  -54  -36  -35  -45    0  -46   10  -46   32  -47   32  -46   32  -43   25  -42   18  -42   -2  -39  -42  -40  -43  -39  -42  -35  -42  -31  -39  -24  -31  -13  -13   -2   -7    0   -7    3   -9    6  -13    8  -20    9  -28   11  -35   17  -46   18  -51   18  -46   21  -42   21  -35   28  -17   32   18   32   43    ;
sample    76   444  -25  -62  -27  -42  -31  -20  -39   10  -43   32  -46   40  -46   43  -47   43  -42   43  -31   40   -9   40   10   43   21   43    ;
sample    74   439   18  -62   11  -46   10  -39   11  -31   15  -17   18    3   18   32   17   36   14   39  -24   40  -27   39  -28   36  -29   36    ;  -32  -40  -17  -36   -6  -36   14  -40   43  -42   43  -40    ;
sample    73   437  -10  -51   -6  -31   -9   18   -9   32   -7   36    ;  -58  -47  -39  -40  -17  -41   -6  -43    0  -45   18  -46   21  -47    ;  -40   25  -19   35  -13   36   21   36    ;
sample    72   434  -43  -65  -36  -46  -35  -39  -35   36  -31   36  -29   32    ;   21  -51   18  -20   18   14   16   25   18   32    ;  -43    3  -28    9    7   10    7   10    ;
sample    71   432   14  -62    0  -63   -9  -60  -20  -50  -27  -39  -28  -31  -28   -9  -27    0  -24   10  -19   16   -9   20   -2   21    7   20   18   17   25   14   32    3   31   -9   28  -16   21  -24   14  -28   -2  -31   -6  -31   -2  -28   10  -28   18  -27   21  -25   32  -24   32  -25   32  -13   25   32   25   43    ;
sample    70   430  -21  -84  -20  -24  -24   10  -24   32  -25   32    ;  -29  -76  -13  -69   29  -68   29  -69    ;  -29  -21  -13  -22   -3  -25    ;
sample    70   429  -21  -62  -20   29  -22   32  -20   36  -21   36    ;  -36  -58  -20  -54  -13  -53    3  -56   10  -56   18  -54    ;  -32    7  -17   12    0   10    ;
sample    69   426  -29  -76  -28   18  -29   20  -32   21  -28   21  -29   21  -28   21  -32   25    ;  -43  -47   21  -58   29  -61   31  -60   31  -57   29  -53    8  -38   -9  -20  -17  -13  -18  -14  -17  -13  -17   -9   -2   -9    3  -10    ;  -29   36   -3   36    ;
sample    66   419  -40  -47  -35  -20  -35   73  -32   54  -28   -9  -28  -39  -25  -43  -23  -49  -18  -53  -16  -56   -6  -63    3  -64    6  -63    7  -61    0  -43  -13  -24  -24  -13  -27   -9  -28   -6  -29   -7  -24   -2  -20   -2    0    4   14   11   17   14   17   21   14   29    9   35    0   43  -10   49  -46   66  -57   69  -62   69  -58   69    ;
sample    56   387  -40  -14  -20   -6  -13   -6  -14   -7  -13   -6  -13   -9  -20  -20  -24  -28  -24  -42  -23  -45  -20  -46  -17  -49   -6  -50   -2  -49    0  -46    0  -47    0  -39   -5  -31   -7  -25  -20   -9  -39    7  -45   15  -52   29  -51   39  -46   42  -42   43  -28   43  -20   42  -14   39   -9   29   -6    7   -7   -6   -9  -13  -13  -20  -18  -26  -24  -28  -35  -28  -40  -25    ;
sample    37   324   65 -113   61  -98   47  -72   31  -31   14    3   -6   36   -7   36    ;  -10  -73    ;   51  -29    ;
sample    80   304  -43  -32  -36  -17  -35   25  -39   65  -41   64  -42   58  -42  -31  -41  -39  -39  -42  -31  -47  -24  -49   14  -50   17  -49   17  -46    7  -35  -27   -8  -51    7    ;
sample    80   303  -43  -47  -39    7  -39   47  -40   53  -42   54  -42  -50  -43  -51  -42  -50  -41  -52  -39  -53   -2  -53    2  -50    0  -35  -21    0  -35   21  -39   29  -42   32  -43   32    ;
sample    80   457  -54  -54  -39  -46  -39   14  -42   29  -43   31  -46   32  -51   32    ;  -43  -69  -13  -60   -6  -56   -3  -53   -2  -50   -2  -42   -3  -35  -13  -20  -20  -13  -29   -7  -50    0  -54    0    ;
sample    80   456  -47  -58  -36  -42  -33  -24  -36    7  -39   21  -39   32  -40   32    ;  -40  -58  -20  -64  -13  -64  -10  -63   -7  -53   -6  -35   -9  -20  -13  -13  -18   -7  -24   -2  -31    0  -42    0  -51   -3    ;
sample    79   300    0  -10   14    0   20    0   21   -2   21   -9   24  -20   25  -28   24  -35   17  -44   10  -46    3  -45  -13  -38  -23  -30  -31  -20  -38   -9  -42    0  -45   10  -45   21  -42   29  -38   35  -31   43  -24   46  -17   47  -10   45   -6   40   -2   32    0   21    0  -20   -3  -36    ;
sample    79   299    7  -43   -6  -50  -12  -45  -23  -31  -30   -6  -31    3  -31   25  -30   31  -23   38  -17   39   -9   36    0   31    6   21    9   10   10  -13    6  -31    3  -35   -6  -30  -10  -29    ;
sample    79   454    3  -51   -9  -35  -13  -31  -17  -20  -19    0  -19   10  -17   18  -12   24   -6   29    0   31    7   32   13   31   21   25   25   21   28   14   28    3   21  -31   17  -38    7  -49    3  -49    0  -47   -6  -45  -12  -41  -17  -35  -21  -32    ;
sample    79   453   10  -65    5  -51   -9  -39  -12  -35  -13  -28  -13    7  -12   21   -9   32   -5   38    0   40    7   39   14   36   20   29   25   21   28   10   29   -9   28  -24   25  -35   20  -41   14  -45   10  -46    0  -46   -6  -45  -17  -35  -21  -36    ;
sample    78   296  -36  -62  -29  -46  -28  -42  -28   -2  -31   36  -31   47  -32   47  -31   47  -32   29  -41  -35  -43  -39  -46  -42  -43  -41  -39  -31  -24  -13  -17   -6   -9    0   11   20   18   25   20   25   21  -24   20  -42   16  -63   14  -64   10  -64   10  -65   10  -42    9   -9   11   14   15   47   18   54    ;
sample    78   305  -29  -62  -22  -42  -22  -31  -21  -24  -18  -13  -18   -2  -20   10  -23   21  -23   29  -22   36  -24   40  -26   39  -29   25  -32    0  -38  -13  -39  -24  -39  -20  -38  -17  -23    0  -13    7   -6   14    0   25   15   42   18   43   20   42   24   36   25   25   24   -6   18  -46   14  -50   14  -51   14  -17   15   -6   17    3   18   54    ;
sample    78   294  -29  -51  -28    0  -31   43  -31   62  -32   62  -31   62  -31   32  -32   14  -36  -17  -39  -31  -39  -35  -40  -36  -39  -35  -39  -31  -36  -28  -34  -20  -17    7   -2   29   11   54   14   57   18   58   18    7   17   -9   14  -35   12  -45   10  -46   10  -47   10  -35    7  -13    7   73    ;
sample    77   293  -40   -3  -32   14  -31   29  -32   29  -31   29  -31   -2  -32  -17  -34  -24  -35  -42  -36  -43  -32  -41  -31  -39  -28  -20  -23    0  -17   14  -12   32   -9   35   -6   36   -4   35   -1   29    2    3    4  -42    7  -58   13  -35   14  -28   15   -6   17    0   18   10   18   43   19   51   21   54    ;
sample    77   292  -32  -14  -25    3  -25   14  -31   47  -27    0  -21  -31  -20  -50  -21  -51  -20  -50  -19  -42  -17  -35   -9  -20   -5   -2    0    7    1   13    3   14    6   13    7   10    9   -9   13  -31   14  -54   14  -53   16  -53   18  -39   18  -31   20  -13   28   25   29   51    ;
sample    77   449  -36   43  -29   18  -28  -72  -29  -73  -24  -68  -24  -64  -23  -61  -20  -57   -9  -35   -3  -20    0   -9    3   10    5   17    7   18    7   10   10   -9   14  -20   18  -35   22  -53   26  -61   29  -64   29  -69   29  -64   29  -65   29  -53   32  -20   32   54    ;
sample    77   448  -32   14  -38    0  -41  -17  -41  -42  -42  -50  -43  -51  -42  -50  -42  -53  -42  -50  -43  -51  -38  -42  -34  -28  -29    3  -27   10  -23   17  -20   21  -18   18  -15    8   -6  -13    0  -35    3  -39    3  -40    3  -39    7  -35    7  -36   15  -20   18  -17   21  -17   21  -24   22  -28   25  -31   29  -31   29  -32   29   25   32   43   32   47    ;
sample    76   289  -43  -58  -37  -42  -39  -31  -39   -9  -42   25  -42   36  -39   43  -40   43  -20   43    3   40   10   40    ;
sample    76   288  -25  -51  -25  -35  -30  -13  -35   14  -38   25  -39   47  -40   47  -31   43  -28   43  -13   37   -6   35    0   32    7   32    ;
sample    76   446  -10  -65  -21  -39  -28  -17  -34   18  -39   36  -39   40  -40   40  -35   40  -17   43   18   43    ;
sample    76   445  -25  -62  -27  -42  -35   -9  -39    3  -43   40  -46   51  -47   51  -43   50  -31   40  -20   36   -9   36   -2   37    0   39   14   40   18   40    ;
sample    75   443  -40  -54  -32  -39  -31  -31  -35    3  -35   43  -34   47  -31   51  -32   51    ;  -32    0  -17   -3   -6  -13   14  -36    ;  -25    3  -13   18   -9   21   -3   29    0   36   13   54   18   62    ;
sample    75   442  -29  -62  -31  -31  -31   47  -29   47    ;  -32    0  -17   -7   -9  -13    2  -25   11  -33   21  -40    ;  -18   -3   -2   14    3   21   16   44   21   58    ;
sample    75   441  -32  -62  -31   62  -32   62  -29   62    ;  -29  -18  -16  -30   18  -51    ;  -18  -10  -12    3   -6   10    0   15   10   29   17   43   18   54   19   57   21   58    ;
sample    75   285  -43  -69  -39  -53  -41  -13  -45   18  -46   43  -47   43    ;   -3  -36  -17  -24  -35  -13  -41   -6  -42   -2  -39    2  -35    4  -17    9   -6   11    0   13    7   21    7   29    ;
sample    75   284  -47  -69  -40  -42  -39  -35  -38   -9  -36   -2  -35    7  -35   21  -36   25    ;   -3  -43  -17  -29  -34  -16  -39   -9  -42    3  -42   10  -39   10  -31   14  -20   15  -17   17   -9   19   -6   21   -1   29    1   36    4   42    7   43    ;
sample    74   278    7  -43   13  -28   17  -13   18   25   17   32   13   39    7   40  -24   30  -35   28  -39   26  -42   26  -46   29  -47   29    ;  -36  -36   32  -47    ;
sample    74   277   10  -54   20   32   18   40   17   47   14   51   -6   47  -51   47    ;  -40  -36   10  -45   25  -47   43  -54    ;
sample    74   276    7  -47   21   36   21   47    3   47  -20   43  -51   43    ;  -47  -29  -28  -31    0  -38   18  -40   29  -43    ;
sample    74   440    3  -54    9  -35   11  -31   15  -17   18    3   18   29   17   36   13   43    7   48   -2   51   -9   51  -20   47  -24   43  -28   41  -32   37  -36   36  -36   36    ;  -40  -40  -20  -33   -2  -35    7  -35   14  -36   18  -40    ;
sample    73   274    0  -54    0  -31   -2   -9   -2    3   -9   43  -10   43    ;  -54  -36  -39  -32  -31  -32   -6  -38   29  -42   32  -43    ;  -54   29  -39   32   -6   30   14   25    ;
sample    73   273   -3  -54   -2   40   -3   40   -2   40   -7   36    ;  -58  -29  -24  -38   10  -43   18  -47    ;  -65   32  -49   42  -46   43  -28   42  -17   40   -6   35    3   29    ;
sample    73   272  -14  -43   -7  -17   -6   32   -7   32    ;  -54  -32  -35  -32  -13  -38   14  -43    ;  -51   32  -20   32  -13   31   -2   28   10   21   18   18    ;
sample    73   438   -7  -58   -2  -42   -5  -35   -9    7   -9   29   -7   29    ;  -58  -47  -39  -40  -17  -39   14  -42   25  -42   25  -43    ;  -40   21  -33   35  -28   39  -24   40   -6   39    0   37    7   36    ;
sample    72   270  -32  -62  -28  -42  -31  -13  -31   43  -32   47    ;   25  -47   17  -20   15   -9   14    3   14   18   13   29    9   47    7   51    ;  -43   10  -17    8   -2    6   10    3    ;
sample    72   269  -36  -69  -32  -50  -32  -42  -34  -35  -36   -9  -39    3  -46   54  -47   54    ;   18  -40   18  -20   17   -9    9   36    7   43    ;  -58   14  -39   16   14    7    ;
sample    72   436  -40  -51  -39   29  -38   32  -35   36  -36   36    ;   14  -54    7  -35    7   18    8   29   10   36   10   43    ;  -40    3  -23   13  -17   14    7   14    ;
sample    72   435  -40  -65  -38  -28  -32   14  -28   29  -29   29    ;   18  -65   20  -50   15  -42   11  -28   10   25    ;  -40   -3  -24    0    7    0    ;
sample    71   266   -3  -58  -20  -59  -28  -56  -34  -50  -46  -35  -49  -28  -50  -20  -50   -9  -49   -2  -45    6  -39   13  -31   18  -17   21   -6   21    3   18    6   14    7   10    3    0    0   -2   -2   -6   -9  -14  -17  -17  -18  -18  -17  -17  -17  -19   -9  -21   -6  -23    0  -24    7  -24   18  -19   20  -17   21   -6   15   14   10   25    7   36    7   43    ;
sample    71   265   -3  -51    3  -68    0  -72   -6  -71   -9  -69  -17  -67  -28  -57  -38  -45  -41  -35  -42   -6  -40    2  -35    7  -28    9  -13   10   -2    9   10    6   17    2   20   -2   21   -9   20  -17   14  -24   10  -27    3  -28    0  -31    0  -32    0  -31    3  -29   10  -27   14  -25   21  -23   29  -17   28   -9   22    3   18   18   13   29   10   40   10   43    ;
sample    71   264   18  -62    0  -71   -6  -71  -20  -64  -23  -61  -30  -50  -34  -31  -35  -17  -34   -6  -26    9  -20   14  -13   17   -6   18    3   17   13    9   17    3   18   -2   17  -17   14  -24    3  -31    0  -31    0  -32    0  -31   18  -29   25  -27   36  -20   36  -21   36  -13   33   -2   22   18   21   32   18   40   21   43    ;
sample    71   433    7  -58   -7  -66  -17  -61  -23  -56  -28  -50  -31  -35  -30  -13  -27   -3  -20    7   -8   17   -2   21    7   24   14   25   21   24   24   21   25   14   24    7   18   -6   10  -17    7  -24    7  -29    7  -24    8  -21   32   -9   32  -10   32    0   29   14   29   36    ;
sample    70   262  -14  -58  -23  -28  -30   10  -32   25  -36   40  -39   43  -40   43    ;  -40  -32   -6  -50    3  -53   10  -58    ;  -43   10  -20    8  -13    6   -7    3    ;
sample    70   261  -21  -51  -24  -28  -24    7  -28   40  -28   51  -29   51    ;  -47  -40  -31  -39  -17  -42   18  -54   25  -58    ;  -25   14   -7    7    ;
sample    70   431  -21  -87  -17  -72  -17  -53  -20  -20  -20   25  -21   25    ;  -36  -62  -17  -65    7  -72   14  -75   32  -80    ;  -29  -21    ;
sample    69   259  -29  -54  -28  -24  -31    0  -31   51  -32   51    ;  -40  -32    0  -42    7  -47    ;  -43   18  -24   10  -21    7    ;  -62   65  -42   65    0   51    ;
sample    69   258  -32  -62  -32  -46  -34  -39  -36    0  -38   14  -39   43  -40   51    ;  -43  -36  -28  -35    3  -40    ;  -51   18  -35   16  -31   14  -24   13  -20   11  -10   10    ;  -51   73  -35   76  -10   73    ;
sample    69   428  -40  -58  -31  -42  -24   -6  -24   18  -23   20  -21   21    ;  -43  -58  -28  -51  -13  -53    0  -53   14  -51    ;  -29  -14    ;  -29   29   -9   36    0   36    ;
sample    69   427  -32  -58  -25  -35  -24   29  -29   29    ;  -47  -62  -31  -58  -24  -57   10  -62    ;  -29  -10  -13   -3   -7   -3    ;  -43   25  -24   31   -7   32    ;
sample    68   425  -65  -62  -51  -45  -50  -42  -50   18  -51   18    ;  -65  -65  -46  -52  -31  -49   -9  -38   -6  -35   -2  -24   -3  -17   -6   -6  -10    0  -31   21  -58   40    ;
sample    68   424  -40  -51  -32  -35  -31  -28  -31   -2  -32    7  -37   24  -40   25    ;  -65  -58  -50  -51  -28  -49  -17  -46   -7  -41   -3  -35   -1  -28    0  -13   -2   -6   -6    0   -9    3  -31   18  -53   29  -63   33  -64   36  -65   36    ;
sample    68   423  -36  -62  -31  -35  -31   21  -32   25    ;  -58  -58  -42  -57  -28  -60  -20  -60    0  -56    7  -53   10  -50   13  -42   12  -32    8  -20    2  -10   -6    0  -17   10  -28   18  -46   26  -53   32  -54   32  -53   32  -58   32    ;
sample    68   255  -25  -43  -24  -28  -21  -17  -20   32  -21   47    ;  -62  -51  -42  -57  -39  -57  -31  -52  -24  -46  -19  -40   -4  -27    0  -17    2   -9    3    0    2   10   -3   25  -10   35  -24   51  -36   61  -50   69  -73   76    ;
sample    68   254  -29  -65  -30  -35  -28  -13  -27   14  -24   36  -25   43    ;  -73  -51  -57  -55  -50  -54  -31  -49  -24  -46  -13  -35  -10  -28   -7  -17   -7   -2   -8    7  -11   20  -27   49  -46   69  -57   75  -64   77  -68   79  -71   79  -73   76    ;
sample    67   248    0  -54  -13  -50  -14  -51  -13  -50  -19  -45  -24  -35  -35  -17  -39   -6  -46   32  -45   43  -41   50  -28   58  -17   61   -9   62   -2   61    3   59   10   58    ;
sample    67   247   -7  -43  -21  -48  -30  -41  -42  -28  -49  -17  -61   10  -63   18  -63   29  -61   32  -52   39  -46   41  -17   43    3   40    ;
sample    67   246    0  -51  -17  -41  -31  -36  -42  -28  -52  -19  -53  -13  -53   18  -52   25  -49   36  -45   42  -42   43  -24   43   -7   40    ;
sample    67   422   14  -69    0  -64  -13  -57  -31  -42  -37  -34  -40  -28  -42   -9  -41    7  -35   25  -31   32  -28   35  -13   36   -2   35   14   28   18   25   21   21    ;
sample    67   421   14  -76  -23  -49  -31  -42  -40  -31  -42  -17  -41   -9  -38   -2  -24    7  -17    9   18   10    ;
sample    66   243  -47  -32  -37  -16  -34   -6  -31   18  -31   43  -32   54  -36   64  -40   65  -39   65  -20  -57  -19  -60  -17  -61   -6  -60   -3  -57    0  -50    3  -35    3  -28    0  -17   -9   -6  -27    4  -28    7  -29    7  -24    7  -21    6  -17    3   -2    0   14    2   19    5   21   10   20   18   17   29   10   40    0   51  -13   62  -35   75  -46   76  -47   65    ;
sample    66   242  -29  -40  -25  -17  -24   -6  -24   18  -25   36  -31   65  -32   65  -31   65  -29   25  -23  -31  -16  -57  -13  -64   -9  -68   -6  -68   -2  -57   -3  -47  -13  -24  -24  -13  -29   -7  -31   -6  -32   -7  -27   -3   -9    1   -2    4    6   15    7   18    7   32    5   39    0   47   -7   53  -17   58  -28   62  -46   65  -50   65  -54   62    ;
sample    66   241  -32  -25  -31   10  -32   21  -38   43  -40   54  -42   58  -42   43  -35    7  -31   -9  -27  -31  -23  -46  -16  -60  -13  -61    0  -61    2  -60    6  -53    7  -42    6  -35   -1  -23  -27   -2  -28    0  -28    3  -24    5  -20    3    3    3   10    4   17   10   18   25   17   31   10   43    3   50   -6   57  -28   68  -39   69  -43   69    ;
sample    66   420  -29  -40  -28    0  -31   18  -27   10  -25    3  -19  -31  -18  -42  -16  -50  -13  -53  -13  -57   10  -57   10  -53   -6  -35   -9  -28   -9  -24  -10  -25   -9  -24   -9  -20  -10  -21   -9  -20   -2  -20    3  -17    7  -13   13   -2   14    3   13    7    6   16   -2   21  -17   25  -28   29  -47   32    ;
sample    65   239   -7  -10  -20    7  -23   14  -25   32  -29   47  -31   51  -32   51  -31   51  -28   29  -12  -28   -7  -42   -5  -50   -2  -57   -2  -42    1  -20    4   -9   10    0   15   14   19   36   21   54   21   69    ;  -29   40   -9   35   -3   32    ;
sample    65   238  -25  -25  -20   -9  -20    3  -17   36  -17   47  -20   47  -20  -39  -19  -50  -16  -57  -13  -60  -10  -60    0  -42    3  -28   13   -6   17   14   18   29   18   62    ;  -36   43  -18   32    ;
sample    65   237  -21  -36  -27  -20  -30   -9  -34   14  -35   43  -36   43  -35   43  -35   40  -32   32  -30   21  -29    3  -24  -24  -21  -35  -20  -53  -19  -56  -17  -57   -2  -39    3  -28    4  -20   17   29   19   47   21   51    ;  -36   36  -19   26   -9   22   10   18   14   18    ;
sample    65   418  -29   14  -28   43  -29   43  -28   43  -31   25  -30    0  -28   -9  -20  -31  -17  -34   -5  -41   -2  -42   -3  -43    2  -39    4  -31    6  -28    8  -20   10    0   10   18   11   25   14   36   14   47   15   50   18   51    ;  -32   18  -13   23    0   21    ;
sample    65   417  -18  -47  -21  -28  -23  -20  -25    0  -29   25  -32   31  -36   32  -35   32  -35   29  -32   21  -30   10  -27  -24  -23  -39  -14  -51   -9  -53   -6  -53   -2  -57   -3  -58   -2  -57   -2  -53    0  -50    6  -24   10   32   10   36    ;  -29   10  -13   14   -3   14    ;
sample    64   233  -10  -14   10  -19   17  -22   18  -24   18  -28    3  -28   -2  -27  -13  -17  -20  -13  -27   -5  -30    0  -31   21  -30   29  -17   28   -9   24   -2   18    3   10   10    3   13   -2   14   -6   14  -13   13  -16    7  -17    3  -16    0  -13   -5    3   -6   14   -5   17   -2   18    9   17   18   10   31   -2   36   -9   39  -20   40  -35   39  -42   36  -50   32  -57   29  -60   18  -61   10  -60   -2  -49  -16  -38  -21  -32  -27  -27  -41   -9  -45    0  -46   10  -46   36  -45   43  -41   51  -35   58  -24   62  -13   62   -6   61    0   57   10   43   14   32   14   29    ;
sample    64   416    3  -10    7  -24    6  -21   -6  -16  -11  -12  -17    0  -19   10  -20   29  -19   36  -17   40  -13   42   -2   42    6   35    9   29   10   21    7   18    7   18    7   18    7   18    7   18    7   18    7   18    7   18    7   18    7   18   11   25   14   28   18   28   25   26   31   23   36   18   41    9   43    0   42   -6   39  -13   31  -23   29  -24   21  -24    7  -17   -2   -6  -24   10  -36   29  -43   51  -45   62  -45   73  -41   79  -35   83  -28   84   -9   83    0   79    9   72   14   65   28   32   29   18   29   14    ;
sample    64   415   10  -21   -2  -24   -5  -23   -7  -20   -9   -6   -9    0   -6    7   -2    7    0    6    0    3    3   -2    3   -9    3   -6    3   -7    3   -2    4    0    8    3   10    7   18   10   29   10   29   -9   28  -20   21  -42   17  -49   10  -56    7  -57    0  -57  -13  -46  -16  -42  -21  -31  -23  -24  -24   -6  -23    3  -13   14   -9   17   -6   18   18   18   24    7   25    0   29  -10    ;
sample    64   414   18   -3   -2   -9   -6  -13   -9  -10  -17   -9  -19   -8  -20   -6  -20   -2  -23    3  -24   21  -21   29  -16   35  -13   36    3   36    7   33   14   31   18   29   25   21   29   18   29    0   31   -6   25  -13   21  -13   17  -10   14   -9   14  -10   14   -9   10   -9    8   -8    7   -6    4   -5    3   21    4   24    7   25   14   25   32   20   35   18   36   10   35    3   29   -9   24  -17   18  -24   14  -27    0  -28   -6  -27  -20  -20  -23  -17  -27   -9  -29   -2  -35   40  -34   51  -31   58  -28   61  -20   62   -9   62    0   60   17   49   21   43   24   36   25   18    ;
sample    64   234   -3  -36    7  -50    7  -51    7  -50    0  -50  -19  -28  -19  -20  -18  -13  -15   -7  -13   -6   -2   -6    2  -20    3  -31    2  -34    0  -35    0  -36   -6  -28   -8  -24  -10  -17  -13   -9  -13    0   -6   13   10   14   14   13   20    9   29   -2   31   -9   32  -17   31  -28   28  -39   21  -50   14  -64   10  -67    7  -68    3  -67   -9  -53  -13  -46  -20  -39  -31  -24  -35  -17  -41   -9  -46    0  -49   14  -50   25  -49   40  -46   51  -42   58  -34   64  -28   65  -17   64   -7   61    0   55    8   46   18   21    ;
sample    63   413  -51  -47  -24  -52   -9  -53    0  -52    7  -46   13  -39   14  -35   11  -20    9  -14   -8   11   -9   14   -9   36  -10   36    ;  -10   76    ;
sample    63   412  -32   62    ;
sample    63   411  -25  -65  -28  -79  -28  -83  -27  -86  -17  -97   -9 -101    0 -101    3 -100    7  -97    9  -94   14  -68   13  -46    7  -31    3  -24   -9  -14  -13  -13  -17  -13  -18  -14  -17  -13  -17   -9  -18  -10  -17   -9  -17   18  -20   40  -21   43  -24   47  -25   47    ;
sample    63   410  -32  -54  -27  -72  -23  -78  -13  -86   -6  -89    3  -90    7  -89    9  -86    9  -79    7  -72    3  -64    0  -54  -17  -28  -24  -20  -27  -13  -29   -3  -31   -2  -32   -3  -28    3  -28    7  -27   10  -24   14  -25   14    ;  -29   43    ;
sample    63   409  -25  -58  -23  -72  -19  -78   -9  -86   -2  -89    3  -90   10  -89   17  -83   18  -79   18  -72   16  -65   11  -56   -6  -35  -12  -30  -23  -17  -24  -13  -18    7  -13   14  -14   14  -13   14  -13   43  -14   43    ;  -10   47    ;
sample    62   218  -58  -21  -40  -15   -9    0   -2    7   13   26   14   32   13   35   -2   43  -39   57  -41   59  -42   62  -43   62    ;
sample    62   407  -36  -40  -19  -25    3   -9   19    9   21   14   20   17    9   27    1   33  -24   47  -28   51  -29   51    ;
sample    62   406  -40  -36   -2  -12    3   -6   10    0   14    7   19   13   28   21   32   29   25   31    7   39   -9   43  -20   47  -36   54  -35   54  -35   58  -36   58    ;
sample    62   405  -40  -40  -28  -24   -9   -6   26   17   29   21   28   24    7   36  -20   47  -34   55  -35   58  -35   62  -36   62    ;
sample    62   219  -51  -18  -24   -6   -9    3   -3    8    6   25    7   32    2   39   -2   43  -20   53  -39   62  -46   64  -49   66  -51   69    ;
sample    61   212  -58    3  -72    3  -68    3  -70    3  -68    7  -64    7  -61    4  -53    3   29    3    ;  -65   51   25   51    ;
sample    61   404  -40  -14  -23   -3  -17   -1   -6    0    0    2   14    4   25    7    ;  -40   43  -24   47  -13   47    0   43   21   43    ;
sample    61   403  -40   -7  -20   -3    7   -2   29    0   29    0    ;  -36   32  -20   36   -6   36   -2   35    0   33    3   32   18   32    ;
sample    61   402  -43   -3   -2   -2   10    0   29    0    ;  -43   32  -27   41  -20   43   18   43    ;
sample    61   213  -54   -7    3   -6   32   -2   36   -3    ;  -73   47  -42   47  -20   43   -7   43    ;
sample    60   401    7  -32  -10  -18  -20  -13  -27   -8  -32   -3  -38    1  -39    3  -40    3  -39    3  -40    6  -43    7  -39    7  -40    7  -32   11  -28   18  -17   28   -9   33   -2   40    3   43    6   47    7   51   10   54   10   54   10   54   10   54    ;
sample    60   400   10  -36  -16  -13  -21   -7  -32    2  -35    3  -35    7  -40    7  -39    7  -39   10  -40   10  -39   10  -39   14  -40   14  -39   14  -39   18  -36   19  -31   25  -20   32  -12   39    0   48    4   53   17   63   18   65    ;
sample    60   399   18  -40    6  -21   -6   -6  -17    0  -31   14  -35   17  -40   18  -28   18  -27   20  -21   25  -19   28   -9   33   -2   40    3   43    7   47   21   54   21   58    ;
sample    60   207   -7  -25  -42    7  -46   14  -56   25  -57   32  -58   32  -53   32  -54   32  -46   36  -42   39  -25   45   -2   58    3   68    6   70    7   73    ;
sample    60   206   14  -47    0  -38   -2  -35  -24  -13  -31   -2  -49   21  -50   29  -51   29  -50   29  -50   25  -51   25  -50   25  -39   32  -35   36  -13   47   -3   55   -2   58   -3   58    ;
sample    59   199  -18  -40    ;    0   10  -13   29  -16   32  -21   47  -25   51    ;
sample    59   398   -7  -10    ;   -7   54  -10   69  -13   73  -17   84  -18   91    ;
sample    59   397  -10  -10    ;   -7   47   -9   65  -16   80  -18   87  -20   91  -18   91    ;
sample    59   396   -7   -7    ;   -7   43  -10   58  -13   65  -16   69  -20   91  -20   95  -21   95    ;
sample    59   200   -3  -36    ;   10   25   -1   33   -3   36   -9   51  -14   58    ;
sample    58   395  -14  -21    ;  -14   54    ;
sample    58   394  -10  -25    ;  -14   54    ;
sample    58   393  -10  -25    ;  -10   36    ;
sample    58   194  -18  -36    ;  -10   32    ;
sample    58   193    0  -14    ;  -18   65    ;
sample    57   391   10  -51   -7  -60  -13  -60  -20  -54  -28  -49  -30  -46  -31  -39  -30  -31  -28  -29  -24  -28   -6  -28   10  -31   17  -36   21  -42   21  -46   19  -51   14  -53   10  -53   10  -54   10   -9    7   14    2   40    0   62    ;
sample    57   390   10  -21    9   -6    7   -2    0    2   -5    2   -9    0  -17   -6  -19   -9  -21  -17  -24  -24  -27  -28  -31  -42  -29  -50  -17  -67   -6  -68   -2  -67    6  -50    8  -42   10  -20   10   -9    6   13    0   21   -2   25  -18   39  -21   40  -17   40  -21   40  -17   40  -18   40  -17   40  -21   40  -20   40  -20   43  -21   43  -20   43  -25   43  -21   43  -24   43  -20   43  -21   43    ;
sample    57   187   10  -18   17  -46   18  -53   17  -64   13  -72    7  -75   -2  -75   -9  -72  -16  -67  -30  -50  -38  -35  -42  -24  -45   -9  -45   -2  -42    0  -28    0  -21   -3  -13   -9   -8  -17   -6  -35   -7  -36   -6  -35   -6  -20   -9   21   -9   51  -10   65  -13   76  -13   87   -9   87  -10   87    ;
sample    57   186    0  -29    1  -42    3  -61    0  -67   -2  -68  -20  -68  -31  -64  -34  -61  -40  -51  -44  -41  -46  -31  -46   -9  -44   -3  -39    0  -28    0  -21   -1  -14   -6   -8  -20   -9  -31   -9  -35  -10  -36   -9  -35   -9   -6   -8    3   -8   32   -9   58   -7   76    ;
sample    57   392   36  -43   31  -56   29  -57   14  -57   10  -56    4  -50    2  -46    0  -31    3  -25   18  -24   25  -25   36  -31   39  -35   40  -46   40  -54   40  -53   37  -52   36  -50   36  -42   33  -28   29   -2   21   32   21   43    ;
sample    56   174  -21    3  -34  -14  -35  -17  -34  -31  -27  -42  -24  -45  -17  -47  -13  -50   -6  -49   -3  -46    0  -39    2  -31    0   -2   -9   21  -16   47  -20   69  -20   80  -16   77   -6   62   -2   51    0   43    0   25   -2   18  -10    3  -13    1  -17    0  -24    2  -32    7    ;
sample    56   173  -40   14  -50   -2  -50  -17  -48  -23  -43  -29  -31  -38  -20  -42  -13  -42  -10  -41   -6  -28   -8   -9  -10    0  -17   18  -21   40  -27   54  -28   62  -29   62  -24   61  -18   57  -10   40   -9   32   -9   21  -14    0  -20   -5  -39   -6  -40   -7    ;
sample    56   389  -18   -7  -31  -35  -31  -42  -28  -45  -24  -46  -13  -46   -2  -48    9  -45   10  -39    7  -31   -6   -9  -31   18  -46   43  -50   54  -49   56  -42   58  -35   57  -28   54  -20   47  -10   35   -5   25   -3   18   -2  -17   -3  -24   -6  -27  -17  -31  -25  -32    ;
sample    56   388  -40   -7  -40  -20  -41  -24  -47  -36  -46  -35  -42  -36  -24  -46  -17  -49   10  -53   14  -52   20  -49   21  -46   21  -42   20  -39   14  -31    3  -13   -2   -7  -13    0  -28    7  -34   11  -41   19  -42   25  -42   32  -40   39  -35   42  -28   42  -17   40   -9   36    0   28    5   17    7    7    6  -13    0  -27   -6  -30  -17  -31  -28  -29  -32  -29    ;
sample    55   386  -51  -54  -35  -50   -2  -52   10  -54   18  -57   18  -58   17  -54    4  -39    0  -28   -2  -17   -5   -9   -7   10   -9   18  -14   32  -17   36  -18   36    ;
sample    55   385  -40  -54  -20  -59    7  -56   10  -54   14  -53   18  -53   18  -54   17  -51   15  -49    0    3   -5   18  -15   39  -18   40    ;
sample    55   384  -36  -51  -43  -65  -42  -64  -35  -64  -31  -62   -2  -60    0  -58   14  -57   18  -57   18  -58   18  -53   18  -54   17  -46   14  -39    9  -17    0    7   -3   18  -16   43  -17   47  -18   47    ;
sample    55   383  -40  -47  -17  -52   40  -53   40  -54   40  -53   36  -53   32  -50   26  -42   21  -24    6   18    2   24    0   25    0   27    3   25    7   25    ;
sample    55   166  -51  -40  -31  -38  -24  -36   -2  -35    3  -34   10  -31   18  -31   18  -32   18  -31   15  -30   11  -24    9  -17    8   -6    1   29    0   40   -3   51   -7   54    ;
sample    54   379   14  -51   -9  -28  -24   -6  -29    4  -31   14  -31   21  -29   28  -24   31  -17   31   -6   28    0   25    6   20   10   14   14    3   13    0    3   -3    ;
sample    54   378   21  -51    7  -50    3  -49    0  -47   -6  -45  -12  -41  -23  -23  -28  -13  -34    7  -35   14  -34   21  -28   29  -20   32   -9   31   -2   28    0   25    0   10   -1    4   -6    0  -14    0    ;
sample    54   382   14  -43    0  -41   -5  -38  -24   -2  -27    7  -28   25  -27   32  -20   40  -17   42   -6   43    0   39    9   21   13   10   14    0   13   -6    7   -9   -3   -7    ;
sample    54   381   25  -43    7  -42   -2  -40   -6  -38  -13  -31  -20  -17  -27   -6  -35   10  -39   21  -38   32  -35   35  -28   36  -20   36  -13   35   -2   32   19   17   21   10   21    7   19    1    7   -5  -10   -7    ;
sample    54   380   14  -51   -2  -53  -17  -49  -35  -35  -46  -17  -50   -6  -52    3  -52   14  -48   24  -39   31  -24   32  -17   31  -13   29  -10   25   -9   18   -9   -2  -10   -6  -14  -12  -17  -13  -21  -10    ;
sample    53   376  -14  -58  -30  -45  -38  -35  -41  -21  -40  -19  -35  -17  -17  -17   -2  -12    7   -2   10    0    9    6   -9   25  -17   32  -31   42  -36   43    ;  -21  -47   -6  -46   -3  -47    ;
sample    53   306  -18  -69  -38  -46  -43  -35  -49  -28  -52  -20  -50  -13  -50   -7  -42   -5  -39   -3   -9    2   -4    5   -2   10   -2   21   -7   29  -20   43  -32   50  -50   58  -61   62  -67   61  -69   54    ;  -32  -47    3  -51    ;
sample    53   375  -21  -54  -38  -35  -39  -31  -38  -24  -35  -21  -31  -20  -20  -20    7  -17   14  -17   17  -13   18   -2   17    2   10   10    0   18   -9   24  -20   28  -36   29    ;  -21  -51   -5  -44    3  -47    ;
sample    53   374  -25  -62  -35  -46  -41  -39  -42  -28  -39  -20  -31  -17  -20  -17   -6  -14    7   -6   10    0   -2   25  -24   58  -28   61  -31   62  -32   54    ;  -21  -51   -7  -51    ;
sample    53   153  -10  -65  -24  -60  -32  -51  -38  -41  -46  -31  -50  -24  -52  -17  -53    3  -49    9  -39   17  -20   21   -2   29   -2   36  -20   46  -39   55  -50   62  -57   64  -60   66  -61   69  -62   69    ;  -29  -36  -13  -39   -6  -42    0  -46   10  -51    ;
sample    52   146  -14  -76  -17  -57  -20  -50  -29  -20  -43   18  -50   29  -53   40  -54   40  -53   40  -50   36  -42   31  -31   26  -17   21  -13   18   -6    7   -3    0   -2   -6   -2  -35   -3  -36   -2  -35   -5  -28  -12   54  -13   84  -12   95  -10   98    ;
sample    52   373   18  -65   20  -50   18  -42    8  -24    0   -6  -13   14  -17   18  -18   18    3   10   36   10   39    9   40    7   39   -2   32  -18   32  -18   32  -18   32  -18   32  -18   32  -18   32  -17   30  -16   29  -13   29   -6   26    3   24   21   19   36   18   47    ;
sample    52   372   18  -54    3  -24    0  -14  -10    6  -23   29  -28   40  -34   48  -35   51  -32   40  -30   36  -29   29  -24   21  -25   21  -24   21  -17   28   -9   28   -6   26    7   21   10   18   18   13   21   10   21   -2   18  -32   18   -6   14   32   14   62    ;
sample    52   371    3  -62   -1  -42   -7  -28  -24    7  -30   25  -32   28  -36   29  -31   29  -32   29  -28   29  -20   24   -6   21    7   22   18   29   21   29   25   18   24   14   21   10   21    7   17    0   15   -2   10  -20   10  -31    9  -34    7  -36   10  -35   10  -36   10  -35    8  -34    7  -31    7   -2    4   18    3   65    ;
sample    52   147   -7  -80  -20  -57  -24  -42  -28  -31  -31  -17  -36   -2  -42   10  -45   21  -47   36  -50   40  -42   40  -39   39  -24   30   -9   28    0   25    7   25    6   21    2   14    0    0   -3    0    0    0    0   14   -2   36   -2   98   -3   98    ;
sample    51   370  -36  -43  -19  -55  -13  -57    0  -57   10  -53   14  -50   14  -39   10  -28    7  -24    0  -20   -2  -18   -8  -15   -9  -13  -13   -9  -14  -10  -13   -9  -18  -10  -13   -9  -14  -10   -9   -7    3   -5   28    8   29   10   25   21   21   25   10   32   -9   40  -20   43  -24   42  -27   40  -29   29    ;
sample    51   369  -29  -51   -2  -50    3  -49   13  -45   14  -39   13  -35    7  -28    0  -24   -2  -21  -13  -17  -14  -14  -18  -14  -13  -13  -14  -14  -13  -13   -2  -13    3  -12   19    0   21   10   20   20   14   29    7   36   -2   43   -9   47  -20   51  -28   51  -29   43    ;
sample    51   368  -29  -43  -13  -46   -2  -46    7  -42   14  -35   14  -28   13  -24   10  -21  -13  -17  -14  -18  -13  -17  -13  -13   -6  -13   14   -5   18    0   18   18   17   21    9   31    3   35  -13   40  -21   40    ;
sample    51   141  -54  -36  -39  -42  -31  -42  -17  -40   -6  -35    0  -30    0  -17   -3   -9  -16    3  -18    9  -21   10  -17   10  -16    8  -13    7   -6    7   -2    8    6   18   12   32    6   47    3   50   -6   52  -24   54  -43   54    ;
sample    51   140  -43  -36  -28  -40  -20  -38  -17  -36   -9  -34   -2  -28    0  -24    0  -17   -6   -6   -9   -2  -17    3  -28   14  -31   18  -32   18  -31   18  -28   14  -17   15  -13   17   -6   19   -2   21    3   29    7   32   10   40    7   44   -2   51  -20   55  -35   61  -43   62    ;
sample    50   366  -40  -43   -6  -60    0  -60    6  -56    7  -50    6  -39    0  -13   -7    0  -31   29  -35   32  -36   32  -35   32  -35   29  -36   29  -24   25    3   25    ;
sample    50   365  -40  -32  -16  -49    3  -60   10  -61   10  -28    8  -14    1    3  -11   24  -20   32  -42   43  -41   41  -17   33  -13   33   -6   36    0   36    ;
sample    50   134  -65  -32  -49  -45  -42  -49  -24  -50  -17  -49  -13  -46  -10  -42   -9  -39  -10  -31  -18   -6  -32   25  -42   43  -54   69  -57   73  -58   73  -57   73  -53   62  -38   37  -35   36  -31   37  -28   39  -20   41  -13   44   -9   47    3   52   10   54    ;
sample    50   133  -54  -36  -34  -49  -28  -50  -20  -50  -17  -49  -14  -46  -12  -42  -10  -35   -9  -24  -11   -9  -21   25  -29   42  -38   55  -47   72  -49   72  -49   69  -47   62  -45   47  -39   42  -31   41   -2   48   10   54    ;
sample    50   367  -36  -40  -20  -40   -9  -42   -2  -39    2  -31    7   -6    6    3    0   17   -6   25  -31   36  -31   32  -32   32  -31   32  -30   30  -28   29   18   29   21   28   25   25    ;
sample    49   125  -14  -29    3  -36    6  -39   10  -50   10  -65   10  -64   10  -68   10  -53    6   -6    2   21    0   54   -2   62   -2   69   -3   69    ;  -40   62  -24   68  -17   69   25   69   29   70   32   72   36   73    ;
sample    49   364  -18  -29   -2  -36    0  -39    1  -46    3  -50    0  -53    0  -54    0  -53    3  -54    0  -50    0   -9   -2   10   -2   29    0   43    ;  -32   32  -20   47   21   47    ;
sample    49   363  -18  -25   -2  -30    0  -32    4  -39    7  -42   10  -50   10  -61    9  -63    8  -63    4  -53    2  -42    0  -17    0    7   -2   25   -2   43   -3   47    ;  -36   40  -20   46  -13   47   -2   47   14   49   21   47   29   47    ;
sample    49   362  -14  -40   -2  -53    0  -57    0  -69    0    7   -1   36   -2   40   -2   43   -3   43    0   43    ;  -18   43    0   51   40   51    ;
sample    49   126   -3  -25   -1  -53    0  -57    3  -57    0  -58    3  -57    3  -31   -2   29   -7   54   -9   73   -9   80   -7   84  -10   84    ;  -29   73   -9   79   14   80    ;
sample    48   360   14  -29   12  -41   10  -42    0  -40   -2  -38   -9  -35  -16  -28  -23  -13  -27    3  -28   14  -27   21  -24   25  -20   28  -13   28   -6   25   -2   21    2   13    7    0    9   -9    9  -20    8  -28    6  -35    3  -38   -2  -39  -18  -36    ;
sample    48   359   10  -43   -2  -38   -8  -34  -20  -20  -27    0  -27    7  -20   21  -17   25  -13   28   -6   31    3   32    9   28   14   21   17   14   20   -6   20  -20   19  -31   16  -41   10  -46    3  -49   -2  -50  -17  -47  -25  -47    ;
sample    48   120   18  -25   13  -50    9  -56    7  -57    3  -57    1  -56    0  -54  -13  -42  -27   -9  -27    0  -24   10  -20   18  -17   21   -9   24   -2   24    2   20    6   14   13   -2   14  -24   13  -35    3  -58    ;
sample    48   119   18  -32   18  -46   17  -50   10  -57    0  -57   -9  -51  -15  -45  -18  -39  -20  -31  -25  -17  -27   -6  -27    3  -24   14  -19   24  -13   28   -6   28   -1   24    9    3   13   -9   14  -24   13  -35    8  -53    5  -59    0  -62    ;
sample    48   361    7  -25   17  -39   17  -42   13  -49    7  -50    0  -49  -14  -31  -24  -13  -27   -6  -28   10  -27   21  -24   25  -17   28   -9   28    0   24   13   13   17    3   18   -2   17  -24   14  -31    7  -39    0  -43    ;
sample    47   111   36 -117   14  -72    1  -35  -10   10  -16   29  -25   73    ;
sample    47   358   32  -98   28  -83   25  -75   21  -68   10  -39   -3    3  -12   25  -17   40  -18   40    ;
sample    47   357   21  -98   17  -83   14  -79    7  -61   -2  -31  -13   -2  -20   10  -36   42  -40   43  -36   43    ;
sample    47   356   14  -95    8  -79    0  -42   -2  -24  -10   14  -13   40  -13   51  -14   51    ;
sample    47   112   40  -98   26  -85   22  -79   17  -61    3  -20   -6    3  -13   25  -17   43  -21   73    ;
sample    46   355   -3   36    ;
sample    46   354   -7   29    ;
sample    46   353   -3   29    ;
sample    46   106   -7   43    ;
sample    46   105   -7   36    ;
sample    45   352  -36  -18  -20  -13   29  -13   29  -14   29  -13   32  -17   32  -18    ;
sample    45   351  -36  -21   -9  -14   -2  -13   36  -13   36  -14    ;
sample    45   350  -43   -3  -27    5  -20    7   29    7   32    6   36    3   40    3    ;
sample    45   349  -21  -25  -31   -9  -35   -6  -36   -7  -35   -6  -35   -2  -39   -2  -40   -3  -39   -2  -39    0  -40    0  -35    0   -9    4    0    6   10    3   18    3    ;
sample    45    99  -36   -7    0   -5    7   -3   40   -2   43   -3    ;
sample    44    92  -18   29  -18   43  -24   54  -29   73  -32   80    ;
sample    44    91  -14   21  -20   40  -21   54  -29   73    ;
sample    44   348  -29   58  -17   43  -17   40  -18   40  -17   40  -19   43  -21   51  -24   58  -27   62  -31   76  -35   80  -36   84    ;
sample    44   347  -14   36  -14   51  -21   73  -23   76  -25   84    ;
sample    44    93  -18   32  -21   51  -25   65    ;
sample    43    87   -3  -47   -6  -20   -6   32   -5   35   -2   36   -3   36    ;  -51  -18  -35  -14  -28  -13   10  -13   21  -14    ;
sample    43    86  -10  -58  -13  -39  -13   36  -14   36    ;  -54  -18  -35  -10  -28   -9   14   -9   14  -10    ;
sample    43   346   -7  -40   -3  -24   -2  -17   -9   29  -10   32    ;  -47    7  -24    6   29   -3    ;
sample    43   345  -18  -43  -10  -28   -9  -20   -9   -9  -14   32  -20   51  -21   62    ;  -54   10  -39   14  -40   14  -31   18    3   18   10   17   18   14    ;
sample    43   344   -7  -36   -3  -17   -3   -9   -5    0   -9   43   -9   58  -10   62    ;  -43    3  -23   13  -17   14    7   14   18   16   21   14   21   18    ;
sample    42   342  -51  -32  -35  -28   -2  -28   43  -32   47  -35   47  -36    ;  -14  -76   -5  -50    0  -28    3    7    2   40    0   51    ;   36  -73   28  -58    7  -35   -7   -6  -13    3  -16   10  -19   21  -21   25    ;  -25  -43    1   -3   14   10   29   18   32   21   32   21    ;
sample    42   341   40  -95   31  -75   24  -64    7  -42   -1  -28  -13   -2  -16    3  -18   14    ;  -21  -69   -9  -53   -2  -42    0  -35   13  -16   25    7   29   10    ;  -65  -25  -50  -27  -31  -31  -20  -35   -6  -38   25  -42   54  -49   58  -51    ;  -10  -91   -3  -75   -1  -72    2  -61    4  -46    6  -39    7  -24    6  -13    3    0    3   14    ;
sample    42    82   58  -76   42  -61   29  -42   21  -28    0    0  -28   51  -29   54    ;  -29  -43  -17  -17  -10   -5    0   18    6   29   15   54   18   58    ;    7  -80    0  -56    0   -2   -3   25  -10   54  -14   62    ;  -40   -7  -17    2    0    7   25   11   29   14    ;
sample    42    81  -47  -29  -31  -20  -24  -18   40  -17   42  -18   43  -21    ;   -3  -73   -6  -50   -6  -24   -8    3  -13   29  -16   40  -18   62    ;   29  -73   14  -60    8  -52    3  -42   -7  -17  -21    7  -27   19  -33   28  -40   36  -42   40  -43   40    ;  -29  -54   -6   -2    6   21   17   47   18   51    ;
sample    42   343   36  -47   25  -31   17  -21   11  -12    3   -2  -16   30  -18   36    ;  -14  -32  -10  -17   -8   -6    1   17   11   36   14   47   14   54    ;   -3  -51    1  -35    1  -28   -3   -2   -6   10   -9   40   -9   51  -14   73    ;  -40   10  -24   17  -17   18   -6   17    3   15   43   14    ;
sample    41    74  -21  -91  -12  -72   -9  -68   -3  -57    0  -46    3    3    3   47    2   58   -2   69   -6   76  -19   88  -28   95  -29   95    ;
sample    41   340  -32  -73  -13  -79    0  -79    6  -77   11  -73   16  -63   19  -53   21  -20   20   -2   18   14   14   32    4   51   -3   61  -20   72  -25   73    ;
sample    41   307  -21  -80   -9  -50   -3  -20   -2   -6   -5   21  -10   43  -23   59  -24   62  -25   62  -21   62    ;
sample    41   339  -32  -91  -13  -86   -3  -82    7  -75   21  -61   28  -49   31  -35   32  -13   31    0   28   10   21   21   10   32    0   40  -10   50  -20   58  -31   65  -36   73    ;
sample    41   336  -32  -80  -18  -74   -3  -63   10  -42   17  -13   18    0   17   10   13   29   10   36   -3   50  -17   61  -20   62  -20   65  -21   65    ;
sample    40   337   25  -98   10  -91    2  -84   -7  -68  -18  -42  -28  -13  -30   -2  -31   18  -28   32  -11   64   -9   65   -2   66    0   68    6   70    7   73    ;
sample    40   335   10  -98   -6  -75  -13  -50  -17  -39  -20  -24  -27   -6  -28    0  -28   14  -27   21  -20   40  -17   54  -13   65   -8   73    3   86   10   90   18   91   32   91   40   87   47   87    ;
sample    40    64   18  -84    0  -82   -6  -79   -9  -75  -16  -57  -20  -42  -24  -31  -27  -13  -28    0  -27   29  -24   43  -19   54  -12   64   -6   69    3   72   10   73    ;
sample    40    63   18  -87    0  -83   -5  -81  -10  -76  -20  -61  -23  -50  -24   10  -23   21  -17   40  -12   46   -2   55    1   61    3   62    ;
sample    40   338   25  -91    7  -79    1  -72  -13  -46  -17  -31  -23   18  -24   32  -23   47  -19   62  -16   69  -13   73   -6   79    2   81    4   83   10   84    ;
sample    39   334  -18  -87   -1  -72    2  -61    3  -36    ;
sample    39   333    0  -91    ;  -10  -87    0  -68    1  -53    3  -46    3  -43    ;
sample    39   332   -7  -87   -2  -72   -2  -57   -3  -51    ;
sample    39    56   -7  -76    1  -60    3  -53    3  -39    7  -29    ;
sample    39    55  -10  -76    3  -57    6  -50    9  -39   10  -29    ;
sample    38    49   40   69   29   51   25   47   14   25    4    0    0  -13   -2  -39   -1  -61    0  -68   14  -79   29  -84   32  -86   32  -87   31  -84   14  -68    7  -57  -23    0  -38   43  -39   54  -29   52  -17   46   -6   36   18    7   29   -2   43  -17   54  -21    ;
sample    38   331   43   40   15   13    7    3    3   -6    1  -13    0  -24    1  -35    3  -42   11  -53   22  -63   52  -85   58  -86   58  -87   58  -86   54  -85   51  -83   43  -75   32  -61   11  -28    0   -9   -5    3  -13   29  -14   29  -13   29   -9   25   -2   21   14    0   21   -6   32  -13   40  -20   47  -24   51  -29    ;
sample    38   330   32   43   21   21   17   11    7   -9    3  -20   -1  -42   -1  -50    1  -57   15  -74   21  -79   32  -85   40  -86   25  -72   15  -61   -8  -27  -16  -13  -21    0  -27   11  -30   21  -31   32   -9   21   -4   17    3    3    9   -2   14   -9   18  -17   29  -29    ;
sample    38   329   40   36   25   32   18   29   11   24    6   18    0    7   -1   -2   -1  -13    3  -42    7  -53   18  -72   25  -79   25  -80   24  -75   21  -68   15  -60    8  -46    2  -28  -14   29  -17   32  -18   32  -17   32  -13   29    8    1   18   -6   25  -13   36  -20   47  -29    ;
sample    38   328   36   32   21   31   10   24    3   18   -3    4  -16  -13  -17  -24  -16  -28    9  -64   15  -71   21  -76   29  -79   31  -78   32  -72   26  -57   23  -47   18  -39   11  -31    4  -20   -3   -7  -12    4  -24   25  -27   29  -28   32  -24   36  -23   39  -17   40   -9   35   11   15   24   -2   27   -7   32  -10    ;
sample    37    39  -40  -43  -33  -56  -28  -60  -17  -64  -13  -64  -16  -61  -18  -53  -25  -35  -38  -16  -43  -10  -50   -6  -53   -6  -54   -7  -53   -6  -47  -32    ;   21  -91    8  -67    3  -53   -3  -20   -9   -2  -16   14  -23   40  -24   58  -25   58    ;   10   -3   30  -30   32  -31   32  -32   32  -31   35  -28   36  -13   35   -6   25   21   13   39   10   40    7   39    4   36    3   32    4   18    8    3   14  -10    ;
sample    37   327   32  -91   28  -75   11  -42    3  -24   -3   -6  -21   31  -27   41  -32   43    ;  -25  -47    ;    0    0    ;
sample    37   326   36  -91   32  -72   24  -53   14  -35    7  -20  -12   25  -14   32  -17   40  -18   40    ;  -18  -65    ;   29  -18    ;
sample    37   325   43  -91   39  -75   30  -57   13  -14    5    1    0   14   -6   25   -8   32  -10   35  -14   36    ;  -18  -58    ;   40  -29    ;
sample    36   323   25  -65   29  -79   32  -86   31  -84   25  -83   10  -82    4  -78    0  -72   -1  -57    0  -50    4  -43   25  -38   43  -31   51  -27   57  -20   56  -15   40   -2    3   14  -13   19  -36   21    ;   18  -91   17  -72   14  -61    7  -13    3    0    1   14    0   36    ;
sample    36   322   14  -58   21  -79   20  -85   18  -86    3  -86   -6  -83  -13  -79  -19  -74  -24  -68  -27  -61  -28  -53  -25  -39  -22  -32   -9  -24    0  -20   21  -20   21  -13   18   -2   14    3   10   14    7   18    3   21    0   25    ;    0  -84    0  -31   -2    3   -3    7    ;
sample    36   321  -10 -106   -6  -90  -14  -42  -17  -28  -20    0  -20   18  -21   21    ;
sample    36   320   10  -76   -3  -85   -6  -86  -13  -85  -20  -82  -24  -79  -30  -72  -39  -57  -46  -42  -41  -36  -31  -32   -6  -31    0  -29    2  -27    4  -21    7  -20    7   -6    6   -2    4    0   -7   17   -9   19  -20   24  -25   25  -24   25  -29   25    ;
sample    36    35   32  -65   20  -78   10  -83    3  -83    1  -82   -9  -72  -16  -61  -19  -53  -20  -39  -19  -35  -17  -32   -9  -28    3  -28   10  -27   21  -20   24  -17   29   -9   28    0   21   14    9   31   -2   43   -9   46  -17   47  -24   46  -30   42  -31   40  -32   32    ;   18 -113   11  -86    3  -42   -3    3   -9   29  -17   73  -21   87  -25   95    ;
sample    35    29   -3  -73  -10  -50  -24   21  -30   43  -33   50  -36   51    ;   14  -65    6  -28    2   -2    0   21    0   36    ;  -36  -32  -13  -24   10  -29    ;  -54    0  -35    0  -28   -2   -2   -2    3   -5   29   -8   36  -10    ;
sample    35   319  -10  -76  -12  -57  -28    0  -31   14  -39   36  -40   36    ;    7  -73    7  -53    6  -46    1  -28   -2    3   -2   18   -3   18    ;  -47  -32  -28  -32  -13  -35   -2  -36    3  -38   14  -40    ;  -51  -18  -13  -17    3  -20   14  -25    ;
sample    35   318    3  -95    0  -79    0  -75   -5  -61  -10  -51  -18  -40    ;   29  -73   20  -28   18  -13   18   -6   14   -3    ;
sample    35   317   -3  -73   -6  -57  -13  -42  -29   -2  -36    7    ;   10  -51    6  -24    2   -6   -1   14   -3   18    ;  -51  -29  -35  -25  -28  -24   -9  -25    3  -28   36  -32    ;  -54  -10  -39  -13  -24  -13    3  -18   25  -21    ;
sample    35   316  -10  -69  -11  -53  -16  -39  -20   -9  -20    3  -21   10  -24   18  -28   21  -29   21    ;   29  -73   25  -46   24  -35   21  -24   19    3   17   14    7   40    7   43    ;  -40  -25  -24  -25   -9  -29    7  -31   14  -31   17  -32   18  -36    ;  -32  -21  -22   -8  -17   -6    0   -6   25   -9   25  -10    ;
sample    34    24   -7  -62   -5  -46   -2  -39    4  -17   10   -6   10   -7    ;   21  -76   14  -57   21  -28   25  -20   25  -18    ;
sample    34    23  -29  -69  -27  -53  -20  -31  -13  -17  -10  -13  -10  -10    ;    3  -73   18  -31   18  -29    ;
sample    34   315  -14  -87  -12  -72   -9  -64   -9  -57  -10  -54    ;    0  -95    7  -79   10  -75   15  -61   18  -58    ;
sample    34   314  -21  -91  -17  -72  -18  -69    ;    7  -95   18  -72   18  -65    ;
sample    34   313  -14  -95  -13  -64  -13  -61  -14  -62    ;    3  -98    4  -83    8  -72   10  -69    ;
sample    33   308  -10  -80   -6  -64   -6    7   -8   11   -8   13   -6   14   -7   10    ;
sample    33   312    0   21    ;
sample    33   311    0  -73    0  -42   -2  -24   -2   -9   -3   -2   -5    0   -6    3   -7    3    ;
sample    33   310   -3  -69   -2    7   -3    7    ;    0   29    ;
sample    33   309    0   32    ;
sample    78   451  -36  -54  -28  -31  -35   25  -35   36  -36   36    ;  -36  -54  -28  -39  -21  -31  -13   -2   -5   14    0   32    ;   10  -62   10  -39    2    7    0   36    0   58    ;
